event_tag,site_indices,PGA
grp=01~ses=0001~rup=505-01,79 86 87,2.991113E-03 6.986892E-03 2.114813E-02
grp=01~ses=0001~rup=521-01,79 86 87 88,3.766238E-03 8.379394E-02 3.887539E-03 2.340497E-03
