event_tag,site_indices,PGA
grp=01~ses=0001~rup=505-01,79 86 87,3.474376E-03 1.787568E-03 6.372792E-03
grp=01~ses=0001~rup=521-01,79 86 87 88,9.673350E-03 3.051585E-03 1.137758E-02 2.456706E-03
