event_tag,site_indices,PGA
grp=01~ses=0001~rup=505-01,79 86 87,8.395586E-03 2.407462E-03 2.131103E-02
grp=01~ses=0001~rup=521-01,79 86 87 88,2.869109E-02 4.103907E-03 4.071859E-02 6.901078E-04
