event_tag,site_indices,PGA
grp=01~ses=0001~rup=505-01,79 86 87,1.149463E-02 2.896897E-03 4.122916E-03
grp=01~ses=0001~rup=521-01,79 86 87 88,3.855779E-03 2.952169E-02 6.559727E-02 4.669184E-03
