event_tag,site_indices,PGA
grp=01~ses=0001~rup=505-01,79 86 87,4.608213E-03 5.424581E-03 7.958735E-03
grp=01~ses=0001~rup=521-01,79 86 87 88,1.042532E-02 4.384696E-03 1.754344E-02 5.428086E-03
